Best parameters found by EM algorithm:
mu: 0.0029821672942489386
sigma: 0.07275175303220749
theta: 0.10078530758619308
alpha: 0.009199323132634163
rho: -0.15079030394554138
initial_y: -0.0007708896300755441
initial_ln_x_variance: 0.2992013096809387
initial_y_variance: 0.2992095947265625
initial_ln_x_y_covariance: -0.14923831820487976
observation_noise_variance: 1.000000013351432e-10
