Best parameters found by EM algorithm:
mu: 0.002671529771760106
sigma: 0.07275175303220749
theta: 0.10078524053096771
alpha: 0.009199281223118305
rho: -0.15079042315483093
initial_y: 0.0007874098373576999
initial_ln_x_variance: 0.2992013096809387
initial_y_variance: 0.2992036044597626
initial_ln_x_y_covariance: -0.15082547068595886
observation_noise_variance: 1.000000013351432e-10
