Best parameters found by EM algorithm:
mu: 0.002950704423710704
sigma: 0.07275169342756271
theta: 0.10078530758619308
alpha: 0.009199333377182484
rho: -0.15079031884670258
initial_y: -0.0007888567051850259
initial_ln_x_variance: 0.2992052137851715
initial_y_variance: 0.29920753836631775
initial_ln_x_y_covariance: -0.14923535287380219
observation_noise_variance: 1.000000013351432e-10
