Best parameters found by EM algorithm:
mu: 0.0028035282157361507
sigma: 0.0727517232298851
theta: 0.10078516602516174
alpha: 0.009199277497828007
rho: -0.15079045295715332
initial_y: 0.0007950343424454331
initial_ln_x_variance: 0.2992013096809387
initial_y_variance: 0.29920363426208496
initial_ln_x_y_covariance: -0.15082566440105438
observation_noise_variance: 1.000000013351432e-10
